Soil parameterized for Aquiares and Tarrazu
Author: Rémi Vezy.
Date: 10/11/2016

&watcontrol
keepwet = 0
simtsoil = 1
SIMSOILEVAP = 1
reassignrain = 0
retfunction = 3
equaluptake = 0
usemeaset = 0
usemeassw = 0
USESTAND = 0
/

&wattfall
rutterb = 3.7
rutterd = 0.002
maxstorage = 0.2
throughfall = 0.2
/

&watinfilt
expinf = 0.12
/

&rootpars
rootrad = 0.0001
rootsrl = 26.733
rootmasstot = 3550.5
nrootlayer = 20
fracroot = 0.27 0.26 0.227 0.111 0.032 0.028 0.012 0.017 0.012 0.014 0.0035 0.0015 0.0015 0.0015 0.0015 0.0015 0.0015 0.0015 0.0015 0.0015
/
! rootmasstot and fracroot from:
! Defrênet et al. in press (Belowground Net Primary Productivity in Coffea arabica)


&plantpars
minrootwp = -1.5
minleafwp = -3
plantk = 0.7946
/

Variable soil water retention functions with depth.
&soilret
bpar = 5.184 5.041 5.782 5.664 4.621 3.577 3.844 4.112 4.379 4.646 4.914 5.181 5.448 5.448 5.448 5.448 5.448 5.448 5.448 5.448 
psie = -0.000332 -0.000368 -0.000389 -0.000381 -0.000317 -0.000254 -0.000262 -0.000269 -0.000277 -0.000284 -0.000292 -0.000299 -0.000307 -0.000307 -0.000307 -0.000307 -0.000307 -0.000307 -0.000307 -0.000307 
ksat = 20 31.6 29.63 30 20 55 50 50 50 20 20 20 20 20 20 20 20 20 20 20 
alpha = 140 500 500 80 30 10 10 20 30 30 50 50 30 30 30 30 30 30 30 30
ws = 0.5 0.56 0.56 0.5 0.41 0.38 0.386 0.4 0.43 0.43 0.4566 0.4592 0.4238 0.4234 0.423 0.4226 0.4222 0.4218 0.4214 0.421 
wr = 0.173 0.127 0.1 0.144 0.144 0.144 0.144 0.144 0.144 0.144 0.144 0.144 0.144 0.144 0.144 0.144 0.144 0.144 0.144 0.144 
n = 1.2 1.15 1.14 1.215 1.189 1.189 1.189 1.189 1.189 1.189 1.189 1.189 1.189 1.189 1.189 1.189 1.189 1.189 1.189 1.189 
/
! bpar, psie, from CALICATAS 2010 (with SOM dilution)
! ksat, porefrac, ws, wr, alpha and n from Cannavo 2011 

&laypars
nlayer = 20
laythick = 0.15 0.15 0.3 0.4 0.25 0.25 0.25 0.3 0.3 0.3 0.3 0.3 0.3 0.3 0.3 0.3 0.3 0.3 0.3 0.3 
porefrac = 0.535 0.62 0.586 0.5 0.47 0.38 0.386 0.4 0.43 0.43 0.457 0.459 0.424 0.423 0.423 0.423 0.422 0.422 0.421 0.421 
drainlimit = 0
fracorganic = 0.066 0.049 0.047 0.043 0.036 0.036 0.036 0.036 0.036 0.036 0.036 0.036 0.036 0.036 0.036 0 0 0 0 0
/
! porefrac and fracorganic from CALICATAS 2010

&initpars
initwater = 0.439 0.522 0.514 0.437 0.39 0.343 0.356 0.374 0.379 0.412 0.44 0.437 0.407 0.407 0.407 0.407 0.407 0.407 0.407 0.407 
soiltemp = 18.16 18.27 18.41 18.44 18.44 18.44 18.44 18.44 18.44 18.44 18.44 18.44 18.44 18.44 18.44 18.44 18.44 18.44 18.44 18.44 
/

&soiletpars
drythickmin = 0.001
tortpar = 0.66
/
